object frmacesso: Tfrmacesso
  Left = 0
  Top = 0
  Caption = 'Acesso ao Sistema'
  ClientHeight = 480
  ClientWidth = 640
  Position = ScreenCenter
  FormFactor.Width = 320
  FormFactor.Height = 480
  FormFactor.Devices = [Desktop]
  DesignerMasterStyle = 0
  object Layout1: TLayout
    Align = Client
    Padding.Left = 2.000000000000000000
    Padding.Top = 2.000000000000000000
    Padding.Right = 2.000000000000000000
    Padding.Bottom = 2.000000000000000000
    Margins.Left = 3.000000000000000000
    Margins.Top = 3.000000000000000000
    Margins.Right = 3.000000000000000000
    Margins.Bottom = 3.000000000000000000
    Size.Width = 634.000000000000000000
    Size.Height = 474.000000000000000000
    Size.PlatformDefault = False
    TabOrder = 1
  end
end
